weights
 0.17559 0.000377079 0.328082 0.0308027 -0.140264 -0.304549 -0.083336 0.0253762 -0.0767518 0.134343 -0.214466 0.00598457 0.0602631 0.362107 0.358291 -0.169564
 0.0671899 0.149141 0.388415 -0.0154594 0.0648124 0.14299 -0.235029 -0.683293 -0.0381569 -0.17265 0.072962 -0.204878 0.251191 0.0306247 0.11556 -0.0666278
 -0.120575 0.278758 0.271237 -0.00163396 0.344399 0.222016 -0.12272 -0.650787 -0.116025 -0.046125 0.190562 -0.0973842 -0.115258 -0.157468 0.0482029 0.0858158
 0.0898942 -0.286877 -0.0333833 0.280085 -0.153008 -0.341471 -0.394158 0.179765 -0.0601793 0.0150843 0.347358 0.21094 -0.373649 0.201677 -0.316816 -0.0055873
 0.32818 -0.133002 -0.12542 0.0529888 -0.500294 0.117897 -0.271302 0.878813 0.0506603 -0.378666 0.511562 -0.186805 0.662538 -0.269687 -0.39718 0.179163
 0.141489 0.264605 -0.168922 -0.38344 -0.142858 0.258183 0.147315 0.725977 -0.0585806 0.30145 -0.0506414 -0.333368 -0.403495 -0.0719452 -0.297352 0.220957
 -0.298868 -0.138832 -0.328099 0.655373 0.37687 -0.244329 0.160245 -0.252058 -0.0195548 -0.280542 0.0460952 0.355565 -0.139772 0.0819582 -0.0938424 0.253496
 -0.123891 -0.326613 -0.276189 0.0468372 0.0384793 0.12352 0.509204 -0.181912 -0.0851954 -0.148163 -0.377245 0.299814 0.455861 -0.141183 0.195749 0.0842724
 0.193304 0.0118466 -0.0899265 -0.590011 -0.109979 0.140098 0.274992 -0.146246 -0.100849 0.476455 -0.39823 0.156304 -0.13927 0.0237005 0.274927 -0.111153
bias
 -0.401881 -0.413163 -0.278807 -0.332747 -0.295594 -0.338729 -0.360023 -0.292537 -0.175699 -0.330081 -0.37252 -0.46375 -0.2997 -0.340693 -0.316383 -0.363129
